00000000000000000000000000000
00000000000000000000000000000
00000000000000000000000000000
00000000000000000000000000000
00001111111001010011111110000
00001000001000001010000010000
00001011101000110010111010000
00001011101010001010111010000
00001011101000111010111010000
00001000001010101010000010000
00001111111010101011111110000
00000000000010100000000000000
00000110001001101011010000000
00000001100100100000101010000
00000110011011010010101010000
00000010100110000100010010000
00000110011101000100000110000
00000000000010010010100000000
00001111111000101110100010000
00001000001001110000010100000
00001011101001111110010100000
00001011101001000000111000000
00001011101011000110101110000
00001000001011101001010000000
00001111111000000111010010000
00000000000000000000000000000
00000000000000000000000000000
00000000000000000000000000000
00000000000000000000000000000
